5 0.282730
127 0.220193
3 0.067422
19 0.062455
8 0.032459
4 0.028730
20 0.027227
2 0.016314
13 0.015655
478 0.013496
433 0.013432
167 0.012783
1 0.010577
128 0.009928
519 0.008694
227 0.007998
522 0.007766
18 0.007754
238 0.007343
492 0.007075
436 0.007044
21 0.006061
15 0.005929
393 0.005784
432 0.005679
431 0.005629
9 0.004624
16 0.004606
6 0.004578
314 0.004155
470 0.003063
29 0.003040
125 0.002405
31 0.002260
17 0.002179
479 0.002176
541 0.002101
97 0.002001
374 0.001975
334 0.001962
25 0.001894
126 0.001813
356 0.001762
371 0.001727
483 0.001687
503 0.001627
11 0.001613
12 0.001562
168 0.001507
482 0.001487
493 0.001377
495 0.001223
10 0.001144
466 0.001142
507 0.001113
7 0.001076
408 0.001072
392 0.001057
486 0.001031
543 0.001016
518 0.000984
99 0.000919
439 0.000909
487 0.000894
509 0.000893
279 0.000887
533 0.000878
228 0.000877
404 0.000867
400 0.000863
243 0.000838
484 0.000834
0 0.000792
32 0.000784
440 0.000764
278 0.000745
344 0.000741
420 0.000669
341 0.000664
272 0.000640
14 0.000613
517 0.000600
455 0.000566
476 0.000541
354 0.000527
240 0.000496
520 0.000483
532 0.000475
485 0.000465
473 0.000448
133 0.000443
130 0.000422
233 0.000413
189 0.000399
140 0.000388
361 0.000384
398 0.000367
280 0.000365
209 0.000333
425 0.000319
239 0.000313
174 0.000310
28 0.000285
147 0.000278
477 0.000275
166 0.000272
215 0.000271
277 0.000258
412 0.000256
132 0.000248
330 0.000246
232 0.000237
406 0.000233
221 0.000220
313 0.000217
458 0.000215
472 0.000197
320 0.000197
251 0.000181
443 0.000180
448 0.000165
157 0.000155
180 0.000145
452 0.000141
93 0.000138
329 0.000134
131 0.000133
186 0.000124
256 0.000123
271 0.000122
515 0.000117
327 0.000113
524 0.000107
26 0.000104
358 0.000104
135 0.000104
149 0.000095
165 0.000087
516 0.000086
150 0.000081
276 0.000077
465 0.000077
424 0.000074
242 0.000071
498 0.000071
308 0.000071
403 0.000070
457 0.000068
367 0.000061
447 0.000060
159 0.000060
488 0.000059
268 0.000057
411 0.000054
260 0.000054
422 0.000053
234 0.000051
250 0.000048
418 0.000047
248 0.000044
137 0.000043
269 0.000041
336 0.000040
468 0.000037
419 0.000035
37 0.000035
316 0.000035
318 0.000034
30 0.000030
273 0.000030
480 0.000026
405 0.000026
351 0.000025
82 0.000025
544 0.000025
267 0.000024
312 0.000022
414 0.000019
326 0.000019
388 0.000018
501 0.000014
144 0.000014
377 0.000012
521 0.000011
365 0.000011
497 0.000011
461 0.000010
384 0.000010
94 0.000009
389 0.000009
369 0.000009
23 0.000008
241 0.000007
321 0.000007
315 0.000007
474 0.000007
42 0.000005
335 0.000005
161 0.000005
399 0.000005
510 0.000004
352 0.000003
162 0.000003
381 0.000002
355 0.000002
117 0.000002
84 0.000002
426 0.000002
464 0.000002
394 0.000002
66 0.000001
22 0.000001
364 0.000001
236 0.000001
190 0.000001
402 0.000000
469 0.000000
305 0.000000
489 0.000000
337 0.000000
62 0.000000
139 0.000000
368 0.000000
177 0.000000
317 0.000000
500 0.000000
373 0.000000
231 0.000000
107 0.000000
106 0.000000
114 0.000000
115 0.000000
113 0.000000
104 0.000000
112 0.000000
110 0.000000
504 0.000000
101 0.000000
105 0.000000
108 0.000000
102 0.000000
505 0.000000
109 0.000000
103 0.000000
111 0.000000
129 0.000000
116 0.000000
141 0.000000
143 0.000000
145 0.000000
146 0.000000
442 0.000000
148 0.000000
441 0.000000
467 0.000000
151 0.000000
152 0.000000
164 0.000000
153 0.000000
154 0.000000
155 0.000000
156 0.000000
158 0.000000
163 0.000000
160 0.000000
142 0.000000
444 0.000000
118 0.000000
138 0.000000
119 0.000000
437 0.000000
120 0.000000
121 0.000000
122 0.000000
123 0.000000
124 0.000000
511 0.000000
508 0.000000
506 0.000000
450 0.000000
449 0.000000
438 0.000000
446 0.000000
100 0.000000
445 0.000000
136 0.000000
134 0.000000
81 0.000000
512 0.000000
38 0.000000
456 0.000000
454 0.000000
453 0.000000
514 0.000000
33 0.000000
34 0.000000
35 0.000000
36 0.000000
39 0.000000
459 0.000000
40 0.000000
41 0.000000
43 0.000000
44 0.000000
45 0.000000
46 0.000000
47 0.000000
48 0.000000
27 0.000000
24 0.000000
50 0.000000
463 0.000000
542 0.000000
540 0.000000
539 0.000000
538 0.000000
537 0.000000
536 0.000000
535 0.000000
534 0.000000
531 0.000000
460 0.000000
530 0.000000
529 0.000000
528 0.000000
462 0.000000
527 0.000000
526 0.000000
525 0.000000
523 0.000000
49 0.000000
51 0.000000
98 0.000000
87 0.000000
77 0.000000
78 0.000000
79 0.000000
80 0.000000
170 0.000000
83 0.000000
85 0.000000
86 0.000000
88 0.000000
75 0.000000
89 0.000000
90 0.000000
91 0.000000
92 0.000000
451 0.000000
95 0.000000
96 0.000000
513 0.000000
76 0.000000
74 0.000000
52 0.000000
61 0.000000
53 0.000000
54 0.000000
55 0.000000
56 0.000000
57 0.000000
58 0.000000
59 0.000000
60 0.000000
63 0.000000
73 0.000000
64 0.000000
65 0.000000
67 0.000000
68 0.000000
69 0.000000
70 0.000000
71 0.000000
72 0.000000
169 0.000000
201 0.000000
171 0.000000
323 0.000000
309 0.000000
310 0.000000
311 0.000000
417 0.000000
496 0.000000
319 0.000000
416 0.000000
322 0.000000
324 0.000000
339 0.000000
325 0.000000
415 0.000000
328 0.000000
413 0.000000
331 0.000000
332 0.000000
333 0.000000
494 0.000000
307 0.000000
306 0.000000
304 0.000000
303 0.000000
286 0.000000
287 0.000000
288 0.000000
289 0.000000
290 0.000000
291 0.000000
292 0.000000
293 0.000000
294 0.000000
295 0.000000
296 0.000000
297 0.000000
298 0.000000
299 0.000000
300 0.000000
301 0.000000
302 0.000000
338 0.000000
340 0.000000
172 0.000000
386 0.000000
375 0.000000
376 0.000000
378 0.000000
379 0.000000
380 0.000000
382 0.000000
383 0.000000
385 0.000000
387 0.000000
491 0.000000
390 0.000000
391 0.000000
481 0.000000
395 0.000000
396 0.000000
397 0.000000
407 0.000000
401 0.000000
475 0.000000
372 0.000000
370 0.000000
366 0.000000
342 0.000000
343 0.000000
490 0.000000
345 0.000000
346 0.000000
347 0.000000
348 0.000000
349 0.000000
350 0.000000
353 0.000000
357 0.000000
410 0.000000
359 0.000000
360 0.000000
409 0.000000
362 0.000000
363 0.000000
285 0.000000
284 0.000000
283 0.000000
206 0.000000
197 0.000000
198 0.000000
199 0.000000
200 0.000000
202 0.000000
203 0.000000
204 0.000000
205 0.000000
207 0.000000
282 0.000000
208 0.000000
430 0.000000
210 0.000000
211 0.000000
212 0.000000
213 0.000000
214 0.000000
429 0.000000
196 0.000000
195 0.000000
194 0.000000
193 0.000000
173 0.000000
175 0.000000
176 0.000000
178 0.000000
179 0.000000
435 0.000000
181 0.000000
182 0.000000
183 0.000000
184 0.000000
185 0.000000
434 0.000000
187 0.000000
188 0.000000
471 0.000000
191 0.000000
192 0.000000
216 0.000000
217 0.000000
218 0.000000
423 0.000000
253 0.000000
254 0.000000
255 0.000000
257 0.000000
258 0.000000
259 0.000000
261 0.000000
262 0.000000
263 0.000000
264 0.000000
265 0.000000
266 0.000000
270 0.000000
421 0.000000
274 0.000000
275 0.000000
281 0.000000
252 0.000000
249 0.000000
219 0.000000
247 0.000000
220 0.000000
428 0.000000
222 0.000000
223 0.000000
224 0.000000
225 0.000000
226 0.000000
502 0.000000
229 0.000000
230 0.000000
427 0.000000
235 0.000000
237 0.000000
499 0.000000
244 0.000000
245 0.000000
246 0.000000
545 0.000000
